1
Карниев Сергей Валерьевич
10000 10000 10000 10000 10000 10000 10000 10000 10000 10000 10000 10000
120000
8800 7900 9000 9100 9500 9700 10000 8900 8600 9200 8600 8500 107800
2
Вдокин Андрей Сергеевич
8000 8000 8000 8000 8000 8000 8000 8000 8000 8000 8000 8000
96000
8000 8000 8000 8000 8000 8000 8000 8000 8000 8000 8000 8000 96000
3
Шапкин Константин Федорович
9000 9000 9000 9000 9000 9000 9000 9000 9000 9000 9000 9000 
108000
7800 10200 8000 10000 7000 11000 9000 9000 6800 11200 10000 8000 108000